13986
11785
12767
11805
11693
12254
12900
11502
12207
11973
12682
14291
14829
13614
12393
12203
12461
11761
13256
11882
12692
13052
13018
13865
15434
13991
13779
12694
12568
12292
13641
12301
12914
13124
12877
13532
14482
13184
13885
12259
12624
12532
13308
12247
12628
13089
13342
13895
13079
13332
13150
12572
12747
13012
14043
12842
13236
13071
13364
14348
15268
13224
14671
13069
14192
13706
14697
13490
13519
13683
13886
14746
15626
14767
14909
13216
13753
14041
14897
13797
13657
14329
14834
15509
16248
13690
14412
14293
14415
14725
15287
14842
15179
15519
15537
16666
16418
15052
15818
15128
15101
15393
17021
15639
15689
16192
16517
17641
17996
16551
16842
15686
16026
16503
18110
16610
16960
16797
17716
18567
19656
17378
18085
16801
17555
17647
18550
17543
18019
17600
18678
19162
19927
17785
18626
16643
18098
18840
19618
18615
18179
18439
19411
20996
21258
18594
19127
18493
18533
19080
20494
18230
18687
19312
19147
19851
21447
20085
19890
18031
18690
20174
21967
20710
19633
19903
20073
21461
21237
20684
21905
19139
19991
21101
22594
20816
21235
20425
21365
22295
23901
22322
22048
20170
20925
22228
23889
21043
20953
20646
22070
23943
25384
22734
22957
20005
21646
22425
25430
21948
22423
21555
21793
23956
25110
22116
23450
21680
21910
22354
24442
22510
22571
21967
23298
25132
26944
24885
25037
23519
23087
23261
25786
22444
23438
23399
24033
24703
26176
22901
22958
20537
21574
22556
25147
23813
22924
22546
22607
24780
25664
24182
24842
21934
22623
22869
25734
23937
23062
22697
24177
25818
26036
23398
25063
21293
22454
23016
24365
23935
23268
22389
22634
24021
25503
25288
23718
21730
22327
23123
24158
24225
22344
22111
22360
23647
25003
22814
23949
21181
21654
21367
24137
22931
21855
21973
22386
24154
24635
22472
22997
21404
21540
21745
23453
22646
22769
22114
22000
23623
25169
23294
23405
20913
21001
22489
26047
23413
21809
22005
22116
22129
24471
23605
24238
22568
22237
22590
24825
24284
23649
22724
23469
24241
26325
22740
23931
21502
22898
24573
25481
24854
22944
23018
23756
24907
25682
24127
25587
22917
22766
22946
25202
25091
23411
23286
23699
23924
26334
22847
23552
22117
22612
22605
25752
24192
22791
22911
23731
24148